Winterfell
134
24
156
211
133
231
11
16
49
80
75
20
20
99
122
109
171
235
108
191
25
96
62
104
44
226
66
75
148
17
71
49
63
220
68
50
223
224
221
179
79
55
249
80
245
108
8
186
116
176
62
192
2
221
99
208
92
31
64
88
72
63
49
205
129
125
181
193
178
132
77
175
247
72
139
204
52
101
59
211
8
130
45
85
150
53
49
75
202
46
246
22
252
78
77
40
45
103
87
196
59
210
100
21
140
185
123
15
100
19
84
97
98
75
140
182
61
61
23
29
133
1
145
218
134
90
23
145
231
57
100
79
55
185
207
88
188
62
107
203
207
161
173
198
149
100
41
71
166
177
73
58
189
226
8
132
128
46
119
125
42
249
117
59
11
237
135
222
94
114
88
28
137
151
184
101
91
219
64
229
97
46
197
178
102
139
229
35
18
190
247
2
43
72
196
121
170
11
18
145
22
219
24
210
52
56
219
216
135
148
244
171
34
78
103
151
187
243
28
99
35
173
176
141
180
15
237
186
247
193
17
205
105
157
201
221
72
65
159
129
115
241
73
119
78
216
5
14
117
232
255
18
150
221
95
89
39
21
207
76
150
21
3
182
48
68
82
5
25
214
250
162
31
218
231
71
69
210
11
205
1
1
146
133
49
14
24
48
40
85
94
162
96
225
117
127
222
254
89
252
243
246
72
92
124
241
247
56
123
231
3
171
251
107
44
198
157
219
31
127
84
69
40
131
40
126
36
80
176
32
220
84
83
167
207
1
164
187
26
0
156
165
133
58
81
150
71
213
171
136
145
147
156
116
193
161
120
197
213
98
4
169
26
102
119
88
27
122
61
25
186
90
10
107
81
194
225
100
231
6
18
134
209
127
116
176
21
71
228
79
198
219
122
22
77
135
71
25
2
71
98
27
165
179
75
67
37
107
115
197
251
250
245
168
10
31
90
86
40
49
181
22
89
62
2
37
18
204
76
7
62
105
209
136
244
33
42
78
205
249
82
114
202
249
152
249
171
48
126
247
180
56
220
60
135
100
36
47
65
211
179
232
106
173
91
163
202
62
54
195
100
105
245
70
81
187
232
95
97
176
244
248
212
109
181
226
97
178
188
113
108
54
220
143
112
252
243
178
202
38
2
138
66
178
217
114
32
227
176
47
50
182
211
58
114
132
239
148
238
172
85
194
175
226
101
91
52
44
64
230
98
28
176
176
53
128
121
58
161
225
65
66
223
16
209
180
63
123
221
108
237
93
216
181
104
177
225
21
208
46
157
248
50
15
222
245
225
186
108
238
129
89
27
183
143
178
91
127
37
138
102
195
204
18
171
155
49
254
1
160
53
149
35
242
122
133
233
51
144
255
74
3
254
241
204
18
231
175
34
31
84
129
189
55
88
37
55
30
30
78
139
154
90
178
254
44
197
165
85
114
179
189
185
23
91
117
122
158
126
143
200
131
170
68
173
214
116
121
21
207
89
232
55
67
53
249
202
207
167
104
127
146
1
106
60
78
194
235
95
232
251
44
31
93
96
50
103
68
26
235
216
96
0
122
47
225
85
44
18
81
213
206
30
235
237
107
47
250
10
21
211
104
250
247
28
87
143
106
244
136
67
174
219
74
215
170
91
34
121
19
15
71
175
210
173
35
146
10
216
4
192
101
110
184
197
79
60
25
161
207
31
100
153
250
93
48
193
122
253
59
72
30
116
102
201
12
11
39
236
45
188
79
51
192
11
102
211
53
88
180
99
83
62
58
129
237
6
150
222
171
14
106
215
46
140
92
64
166
114
37
209
53
79
59
195
180
174
111
79
51
72
54
139
73
169
132
50
183
32
193
27
14
177
37
203
209
19
200
216
148
110
102
65
201
2
211
242
0
52
12
51
107
39
25
99
232
250
131
50
162
121
255
152
150
18
51
97
246
82
141
155
53
225
172
171
74
246
45
95
121
79
234
215
81
132
163
59
57
169
73
74
202
104
78
242
49
128
58
79
242
185
185
196
188
140
107
201
124
205
200
214
217
68
183
109
136
70
106
7
227
186
137
202
89
252
80
169
19
156
220
209
126
203
69
154
207
97
80
209
206
22
55
204
21
38
224
187
23
32
207
20
186
28
29
171
183
45
239
195
55
82
242
148
144
56
191
30
151
127
28
37
105
95
180
121
193
132
53
172
194
64
227
8
198
151
79
122
141
47
174
163
183
57
174
208
119
234
222
84
32
41
119
2
4
97
215
210
96
41
125
108
5
220
183
78
16
97
87
39
248
235
96
109
33
200
177
28
242
47
40
114
2
11
143
167
23
102
138
209
213
34
111
201
169
